521033135104, 197971212158, 198025288704, 521141298176, 198079374855
533799059968, 210737099796, 210791181312, 533907229696, 210845269130
546567139328, 223505141837, 223559183872, 546675285504, 223613287621
559333855232, 236271821190, 236325833728, 559441992704, 236379958273
572100222976, 249038151328, 249092102144, 572208257024, 249146184991
584866108416, 261803999732, 261857892352, 584974078464, 261911969399
597632992768, 274570847342, 274624491008, 597740722176, 274678576373
610400017408, 287337834573, 287391456256, 610507718656, 287445535434
623165441024, 300103221101, 300156899840, 623273285120, 300211064814
635931439616, 312869182958, 312922814464, 636039148544, 312976891509
648695458304, 325633164306, 325686786560, 648803157504, 325740863111
661460414464, 338398083220, 338451835392, 661568246784, 338505915160
674225738240, 351163370475, 351217104896, 674333572096, 351271203949
686994326016, 363931920605, 363985913344, 687102478336, 364040072527
699761905664, 376699463311, 376753458688, 699870075392, 376807632646
712530462208, 389467983037, 389521992192, 712638583296, 389576103741
725298822656, 402236306164, 402290326016, 725406984192, 402344467317
738066517504, 415003963828, 415057985536, 738174667776, 415112113721
750833206272, 427770615924, 427824507392, 750941198336, 427878607618
763600183296, 440537555516, 440591404544, 763708184064, 440645555899
776368045568, 453305380620, 453359182336, 776475933696, 453413268361
789136249856, 466073548283, 466127183872, 789243966464, 466181264509
801906315264, 478843576112, 478897203200, 802014039552, 478951300015
814675990016, 491613213879, 491666911232, 814783863296, 491721086776
827446749696, 504383936691, 504437745664, 827554666496, 504491853106
840215955968, 517153105723, 517207122944, 840324112896, 517261262270
852984814592, 529921927042, 529975920640, 853092977152, 530030089222
865753713664, 542690789512, 542744767488, 865861775360, 542798850828
878522695168, 555459733451, 555513767424, 878630866944, 555567904832
891291963392, 568228964594, 568282985984, 891400122880, 568337123695
904060438016, 580997402485, 581051473408, 904168594432, 581105558514
916828548608, 593765475603, 593819424768, 916936592384, 593873518987
929597971456, 606534861374, 606588687872, 929705890304, 606642779848
942366931968, 619303785090, 619357421568, 942474663936, 619411516682
955136793600, 632073609422, 632127259136, 955244540928, 632181356346
967907359232, 644844137735, 644897768960, 968015080448, 644951858560
980679699968, 657616441909, 657670205952, 980787562496, 657724304064
993452379136, 670389083430, 670443103744, 993560563200, 670497267086
1006222975488, 683159642791, 683213671424, 1006331159552, 683267826465
1018996334080, 695932964541, 695986995712, 1019104487424, 696041117517
1031767853568, 708704446666, 708758073344, 1031875572224, 708812164938
1044538790912, 721475346829, 721529039872, 1044646661632, 721583217161
1057308679168, 734245198381, 734298829824, 1057416402432, 734352921269
1070079068672, 747015550461, 747069288448, 1070186961408, 747123442812
1082849305088, 759785749681, 759839763456, 1082957492224, 759893936438
1095620878848, 772557286832, 772611299328, 1095729000448, 772665408046
8884274688, 785332272815, 785386291200, 8992476160, 785440473910
21655811072, 798103772285, 798157634560, 21763763712, 798211724536
34425953280, 810873877668, 810927564288, 34533729280, 810981653264
47194653696, 823642540860, 823696259584, 47302537728, 823750424501
59964236288, 836412086220, 836465719808, 60071961088, 836519810633
72734731776, 849182545127, 849236179456, 72842458112, 849290271083
85505161216, 861952937064, 862006622208, 85612934656, 862060710126
98275467264, 874723206015, 874777242112, 98383625728, 874831364092
111046318080, 887494020160, 887548032512, 111154507264, 887602208968
123817492480, 900265157055, 900319245824, 123925672960, 900373337165
136589582848, 913037210381, 913091173888, 136697647104, 913145274249
149361201152, 925808791878, 925862816768, 149469379072, 925916969417
162134693376, 938582246836, 938636041216, 162242610176, 938690163247
174905736704, 951353252864, 951406886400, 175013460992, 951460976763
187678632448, 964126112051, 964179743744, 187786355200, 964233834432
200450309120, 976897751113, 976951407104, 200558057984, 977005499589
213221705728, 989669110690, 989723121152, 213329828864, 989777233445
225994200576, 1002441568764, 1002495564800, 226102302208, 1002549670024
238766311936, 1015213642685, 1015267656704, 238874492416, 1015321822781
251537558528, 1027984852145, 1028038914048, 251645714944, 1028093008191
264307642368, 1040754899235, 1040808592384, 264415434752, 1040862691239
277077908992, 1053525128476, 1053578754560, 277185632256, 1053632851335
289849516544, 1066296698741, 1066350321152, 289957300224, 1066404482046
302621660672, 1079068806269, 1079122819072, 302729819136, 1079176964353
315393047040, 1091840154940, 1091894177280, 315501216256, 1091948323771
328163814912, 5099258057, 5153264640, 328271917056, 5207359809
340935586304, 17870992628, 17925019648, 341043798016, 17979203953
353707584512, 30642953532, 30696838144, 353815558656, 30750927284
366478515200, 43413847014, 43467480576, 366586240512, 43521571940
379250051072, 56185346237, 56238977024, 379357773824, 56293068618
392021322752, 68956580463, 69010285056, 392129195008, 69064452331
404792445952, 81727666520, 81781394432, 404900326912, 81835547089
417562580480, 94497764393, 94551776256, 417670758912, 94605942440
430331441664, 107266588018, 107320621568, 430439610880, 107374756855
443101332480, 120036441808, 120090457600, 443209517568, 120144626503
455872093696, 132807166146, 132861180416, 455980231680, 132915303753
468643373568, 145578408763, 145632411648, 468751478784, 145686513597
481414140928, 158349138811, 158402825728, 481521924608, 158456922109
494184197632, 171119158941, 171172785664, 494291953152, 171226914075
506956248576, 183891172287, 183945743872, 507064923136, 183999846464
519725933056, 196660819696, 196714823168, 519834107392, 196768993649
532496496128, 209431346026, 209485446656, 532604678656, 209539528178
545268376576, 222203189037, 222257245184, 545376532480, 222311344549
558039177216, 234973952572, 235028006400, 558147324928, 235082099901
570810621952, 247745360551, 247799184896, 570918542336, 247853280549
583580999680, 260515700936, 260569320448, 583688715264, 260623416135
596351576576, 273286240554, 273339872256, 596459293184, 273393956787
609123414016, 286058041437, 286111672320, 609231143424, 286165770455
621894700544, 298829290300, 298883314176, 622002885120, 298937474485
634665995264, 311600548051, 311654546432, 634774090240, 311708642632
647436670464, 324371186428, 324425175552, 647544752640, 324479268224
660208491520, 337142970151, 337196869632, 660316528128, 337251006373
672981425152, 349915866583, 349969547264, 673089213440, 350023654490
685753544192, 362687948948, 362741576704, 685861293056, 362795697429
698526231552, 375460598850, 375514583552, 698634316800, 375568683708
711298505216, 388232835333, 388286859776, 711406686208, 388341015931
724069538304, 401003831793, 401057822208, 724177621504, 401111914607
736842131968, 413776387880, 413830397440, 736950304256, 413884559776
749613467648, 426547686574, 426601371648, 749721251328, 426655469871
762384044032, 439318226082, 439371848704, 762491758080, 439425939760
775154348544, 452088493327, 452142164992, 775262119424, 452196263829
787925769216, 464859876730, 464913940992, 788033935360, 464968042486
800697748992, 477631819861, 477685811200, 800805843968, 477739914457
813472028672, 490406062004, 490460057600, 813580209152, 490514242091
826246084096, 503180080318, 503233743360, 826353847296, 503287843135
839018078720, 515952038250, 516005666816, 839125803520, 516059762674
851790275584, 528724197612, 528777821696, 851898000896, 528831922546
864563144192, 541497029165, 541551035904, 864671255040, 541605139624
877336617472, 554270465636, 554324498432, 877444768768, 554378616553
890108779008, 567042589899, 567096590336, 890216873984, 567150684491
902881918976, 579815692565, 579869414400, 902989803520, 579923576723
915656695296, 592590432337, 592644135424, 915764556800, 592698293454
928430606848, 605364306237, 605417928704, 928538319872, 605472018875
941203472384, 618137134770, 618191137792, 941311566848, 618245228863
953976203776, 630909829394, 630963859456, 954084382208, 631018007442
966750334976, 643683923197, 643737961984, 966858532864, 643792120701
979523802624, 656457353697, 656511018496, 979631569920, 656565120606
992297155072, 669230669404, 669284294144, 992404877824, 669338391767
1005068337664, 682001814603, 682055440896, 1005176057344, 682109533899
1017840960000, 694774399691, 694828497920, 1017949162496, 694882601804
1030613267968, 707546671028, 707600689152, 1030721470976, 707654873651
1043386987008, 720320352407, 720374315520, 1043495046656, 720428411671
1056160479232, 733093807659, 733147534848, 1056268375552, 733201703605
1068934164992, 745867456536, 745921089024, 1069041899520, 745975190682
1081706503680, 758639757923, 758693386752, 1081814227968, 758747481834
1094478711808, 771411928785, 771465905152, 1094586794496, 771520011081
7739375104, 784184183200, 784238226944, 7847533056, 784292340771
20510671872, 796955442496, 797009473024, 20618832384, 797063602619
33283118592, 809727852093, 809781943808, 33391350272, 809836083402
46058308096, 822503004928, 822556658176, 46166059520, 822610755963
58831415296, 835276074611, 835329708544, 58939146240, 835383805185
71605784064, 848050406370, 848104037888, 71713519104, 848158141020
84379664896, 860824250394, 860878275072, 84487868928, 860932454035
97152664064, 873597212322, 873651241984, 97260825088, 873705372947
109925755904, 886370266840, 886424245760, 110033918464, 886478429012
122702168576, 899146642930, 899200368128, 122810080256, 899254554238
135475793920, 911920230667, 911973891584, 135583565312, 912028001674
148250249728, 924694649440, 924748284928, 148357984768, 924802384108
161022997504, 937467360434, 937521272320, 161131030016, 937575392565
173795772416, 950240097906, 950294062592, 173903838720, 950348163839
186568704512, 963012992876, 963066979328, 186676801536, 963121089523
199342362624, 975786614241, 975840353792, 199450221056, 975894472296
212112354304, 988556568559, 988610295296, 212220257280, 988664471146
224883114496, 1001327291501, 1001380925952, 224990848000, 1001435024622
237653641728, 1014097782129, 1014151481344, 237761436672, 1014205576693
250424779776, 1026868882480, 1026922774016, 250532822528, 1026976924846
263197929472, 1039641995203, 1039695886848, 263305945088, 1039750010428
275968327168, 1052412356042, 1052466424832, 276076485632, 1052520514120
288742227968, 1065186219518, 1065240237568, 288850424320, 1065294415485
301514635264, 1077958589572, 1078012639232, 301622768128, 1078066722059
314283572736, 1090727490384, 1090781255168, 314391426048, 1090835343319
327053509120, 3985761519, 4039563264, 327161404928, 4093656933
339824491520, 16756706814, 16810342400, 339932236288, 16864451198
352596405760, 29528584427, 29582291968, 352704206848, 29636385132
365430873600, 42363014554, 42416864256, 365538832384, 42470972945
378200794112, 55132898087, 55186796544, 378308774400, 55240877993
390970600960, 67902668080, 67956752896, 391078766592, 68010833330
403740694016, 80672723901, 80726812160, 403848876544, 80780906035
416510325248, 93442317847, 93496355840, 416618449920, 93550442129
429281291264, 106213247309, 106267350528, 429389475328, 106321430999
442050465792, 118982384260, 119036297216, 442158452736, 119090370814
454820126720, 131752008115, 131805820928, 454928036352, 131859917375
467588965376, 144520810036, 144574538240, 467696827904, 144628672187
480357850112, 157289657340, 157343289856, 480465577472, 157397384317
493130225664, 170061995791, 170115624960, 493237941760, 170169711499
505901383168, 182833116527, 182887001088, 506009400832, 182941133815
518672386048, 195604082053, 195658086912, 518780560896, 195712256507
531443837952, 208375496688, 208429494272, 531552004608, 208483662958
544214125056, 221145747248, 221199767552, 544322304000, 221253925822
556985024000, 233916608553, 233970512896, 557093026304, 234024610468
569755390976, 246686938576, 246740662784, 569863276032, 246794823244
582526794752, 259458305543, 259511939072, 582634522624, 259566033034
595297857024, 272229330492, 272282963456, 595405589504, 272337062588
608068884992, 285000321267, 285054218752, 608176921088, 285108356972
620839408128, 297770807703, 297824901120, 620947597824, 297878997013
633608373248, 310539735376, 310593725952, 633716531200, 310647892936
646377730048, 323309054997, 323363085312, 646485879808, 323417204374
659146569216, 336077857548, 336131591680, 659254427648, 336185715598
671915448320, 348846699088, 348900459520, 672023301632, 348954552004
684685557248, 361616771046, 361670459904, 684793413120, 361724626542
697455851520, 374387028464, 374440688128, 697563600896, 374494777462
710225201152, 387156340862, 387209970176, 710332921856, 387264061185
722994857984, 399925960422, 399979889664, 723102880768, 400033982815
735764447744, 412695513605, 412749521408, 735872634880, 412803700358
748534883840, 425465912174, 425519830016, 748642891264, 425573919212
761304378368, 438235369651, 438289379840, 761412561408, 438343552310
774073991168, 451004945767, 451058739200, 774181878784, 451112833009
786845270528, 463776187658, 463829921792, 786953185792, 463884102547
799617293312, 476548173390, 476601804288, 799725010944, 476655890634
812387912704, 489318756015, 489372455936, 812495700992, 489426543921
825159475200, 502090281214, 502144171520, 825267502080, 502198307699
837932677120, 514863445827, 514917446656, 838040779264, 514971547593
850706927616, 527637659773, 527691604992, 850814969856, 527745701630
863479874048, 540410568559, 540464320512, 863587783168, 540518477297
876252376576, 553183034088, 553236661248, 876360132608, 553290789747
889023742464, 565954363174, 566007995904, 889131464704, 566062085041
901794752000, 578725335349, 578780069376, 901903838720, 578834421683
914564631552, 591495177749, 591549169152, 914672794112, 591603339921
927334153728, 604264663220, 604318648832, 927442225152, 604372734270
940104823296, 617035295386, 617089349120, 940212964352, 617143436044
952875053056, 629805487947, 629859209728, 952982921216, 629913355724
965645274624, 642575672936, 642629424640, 965753115648, 642683513581
978415956992, 655346317738, 655400024064, 978523764736, 655454125082
991186911232, 668117235054, 668171100672, 991294940160, 668225263605
1003958616064, 680888903037, 680942845952, 1004066650112, 680996936714
1016730095104, 693660344826, 693714379776, 1016838264320, 693768513653
1029502162432, 706432374899, 706486431744, 1029610359296, 706540571378
1042274943488, 719205119347, 719258899456, 1042382821888, 719312997378
1055045796864, 731975935202, 732029623296, 1055153581056, 732083719014
1067818485760, 744748586991, 744802285056, 1067926281216, 744856382073
1080590026240, 757520090775, 757573952512, 1080698030080, 757628094225
1093362767872, 770292794906, 770346791424, 1093470858752, 770400885396
6621971456, 783063589232, 783117616640, 6730089984, 783171707382
19392592896, 795834173905, 795888005632, 19500517376, 795942098013
32165583872, 808607127632, 808660859392, 32273481728, 808715025088
44939683328, 821381189779, 821434829824, 45047425024, 821488931081
57711149568, 834152619473, 834206260736, 57818883072, 834260352594
70481032704, 846922465021, 846976353280, 70589031424, 847030463362
83250501120, 859691896424, 859745802752, 83358493696, 859799888620
96021597696, 872462956259, 872516953600, 96129772544, 872571130725
108793534976, 885234856149, 885288855040, 108901697024, 885343017808
121563330560, 898004614632, 898058428416, 121671235072, 898112518756
134333904896, 910775152238, 910828987392, 134441835008, 910883081976
147105014272, 923546224259, 923599892480, 147212783104, 923653992708
159877059584, 936318232317, 936371876352, 159984798208, 936425970568
172649377280, 949090513459, 949144367616, 172757339648, 949198475440
185422559232, 961863657731, 961917783552, 185530787328, 961971885438
198196985344, 974638046891, 974691959296, 198304986112, 974746047282
210969982464, 987411007146, 987464764416, 211077828096, 987518852404
223743879680, 1000184867028, 1000238500864, 223851611648, 1000292598610
236517174784, 1012958124879, 1013011999232, 236625149440, 1013066099144
249290552320, 1025731465726, 1025785449984, 249398636544, 1025839549578
262066634752, 1038507510641, 1038561509376, 262174738944, 1038615614456
274840174592, 1051281013295, 1051334765568, 274948021248, 1051388859565
287613172224, 1064053974236, 1064107696640, 287720999424, 1064161801042
300386557952, 1076827322363, 1076881031680, 300494443520, 1076935207542
313159122432, 1089599849782, 1089653798912, 313267179008, 1089707905984
325932101632, 2861164330, 2915058688, 326040129536, 2969191863
338706340352, 15635365823, 15689382912, 338814463488, 15743488571
351481866240, 28410854406, 28464586752, 351589698048, 28518685822
364256357376, 41185308979, 41239066112, 364364285952, 41293237178
377030658560, 53959572588, 54013253120, 377138444288, 54067357924
389807688704, 66736565692, 66790456832, 389915688960, 66844565556
402583549440, 79512389705, 79566429696, 402691705856, 79620545742
415357130752, 92285933608, 92339951616, 415465331200, 92394133679
428130598912, 105059364714, 105113097216, 428238511104, 105167276531
440904424448, 117833153476, 117886772224, 441012161024, 117940889676
453677115904, 130605807602, 130659679744, 453785164288, 130713855602
466450719744, 143379374176, 143433282048, 466558735872, 143487389930
479224360960, 156152978848, 156206982656, 479332470784, 156261088287
491999280128, 168927860364, 168981618176, 492107188224, 169035768068
504774158336, 181702701605, 181756435456, 504882041856, 181810584741
517547487232, 194475993686, 194529657344, 517655261184, 194583767246
530322382336, 207250851454, 207304760832, 530430455296, 207358924028
543096852992, 220025284913, 220079246336, 543204913152, 220133344692
555872147968, 232800543179, 232854470144, 555980205568, 232908600396
568647211520, 245575569296, 245629359616, 568755101184, 245683458572
581420483072, 258348803669, 258402424832, 581528251392, 258456571599
594193639936, 271121923900, 271175816192, 594301663744, 271229947316
606966975488, 283895221885, 283949214720, 607075069952, 284003315955
619740128256, 296668337693, 296722374144, 619848325120, 296776534167
632513014272, 309441186854, 309494968832, 632620888576, 309549060764
645285513728, 322213649061, 322267424768, 645393381376, 322321516331
658058925568, 334987023603, 335040705536, 658166708224, 335094805890
670830726144, 347758787583, 347812664832, 670938772480, 347866833541
683603651584, 360531675488, 360585538048, 683711612928, 360639636434
696378136576, 373306123427, 373360077824, 696486190080, 373414176544
709152388608, 386080338747, 386134176768, 709260326912, 386188276667
721927013376, 398854926035, 398908553728, 722034796544, 398962708816
734700190208, 411628065804, 411681961472, 734808214016, 411736089225
747472741376, 424400580198, 424454465024, 747580791808, 424508630249
760244152832, 437171954356, 437225974272, 760352284160, 437280085299
773015559680, 449943323902, 449997075456, 773123467264, 450051231101
785786601984, 462714329679, 462768145408, 785894508032, 462822235343
798559191552, 475486881595, 475540512256, 798666913792, 475594603454
811333614080, 488261267123, 488315183616, 811441654272, 488369306942
824106585088, 501034201330, 501088100352, 824214596096, 501142211959
836881004032, 513808582900, 513862502400, 836989043712, 513916622194
849654831616, 526582373332, 526636288000, 849762839040, 526690380374
862427694592, 539355199603, 539408958464, 862535608832, 539463113469
875201055744, 552128523349, 552182230528, 875308927488, 552236394711
887972780032, 564900210440, 564954081792, 888080827392, 565008257414
900746400256, 577673794058, 577727706112, 900854480896, 577781874317
913520072704, 590447428890, 590501466112, 913628244480, 590555600261
926294871040, 603222190258, 603276184576, 926403048448, 603330367296
939068939776, 615996222128, 616049952768, 939176842752, 616104124727
951844630528, 628771875600, 628825545728, 951952412160, 628879656843
964620869120, 641548076907, 641601946112, 964728839680, 641656047087
977395423232, 654322594382, 654376530944, 977503459840, 654430630613
990169660416, 667096794035, 667150841856, 990277861376, 667204994615
1002942262272, 679869358781, 679923352576, 1003050425856, 679977521981
1015715606016, 692642665798, 692696478720, 1015823508480, 692750567874
1028487622656, 705414644914, 705468379136, 1028595472384, 705522494262
